mins:
[864, 792, 742, 594, 498, 356, 262, 140, 84, 18, 0, 0]
maxes:
[864, 864, 764, 684, 524, 422, 278, 206, 110, 70, 22, 12]
mins:
[864, 792, 742, 594, 498, 356, 262, 140, 84, 18, 0, 0]
maxes:
[864, 864, 764, 684, 524, 422, 278, 206, 110, 70, 22, 12]
mins:
[864, 792, 742, 594, 498, 356, 262, 140, 84, 18, 0, 0]
maxes:
[864, 864, 764, 684, 524, 422, 278, 206, 110, 65, 22, 12]
mins:
[864, 792, 742, 594, 498, 356, 262, 140, 84, 18, 0, 0]
maxes:
[864, 864, 764, 684, 524, 422, 278, 206, 110, 65, 22, 12]
mins:
[864, 792, 742, 594, 498, 356, 262, 140, 84, 18, 0, 0]
maxes:
[864, 864, 764, 684, 524, 422, 278, 206, 110, 70, 22, 12]
mins:
[864, 792, 742, 594, 498, 356, 262, 140, 84, 18, 0, 0]
maxes:
[864, 864, 764, 684, 524, 422, 278, 206, 110, 70, 22, 12]
mins:
[864, 792, 742, 594, 498, 356, 262, 140, 84, 18, 0, 0]
maxes:
[864, 864, 764, 684, 524, 422, 278, 206, 110, 65, 22, 12]
mins:
[864, 792, 742, 594, 498, 356, 262, 140, 84, 18, 0, 0]
maxes:
[864, 864, 764, 684, 524, 422, 278, 206, 110, 65, 22, 12]
mins:
[864, 792, 742, 594, 498, 356, 226, 140, 84, 18, 0, 0]
maxes:
[864, 864, 764, 684, 524, 422, 314, 206, 110, 70, 22, 12]
mins:
[864, 792, 742, 594, 498, 356, 226, 140, 84, 18, 0, 0]
maxes:
[864, 864, 764, 684, 524, 422, 314, 206, 110, 70, 22, 12]
mins:
[864, 792, 742, 594, 498, 356, 226, 140, 84, 18, 0, 0]
maxes:
[864, 864, 764, 684, 524, 422, 314, 206, 110, 65, 22, 12]
mins:
[864, 792, 742, 594, 498, 356, 226, 140, 84, 18, 0, 0]
maxes:
[864, 864, 764, 684, 524, 422, 314, 206, 110, 65, 22, 12]
mins:
[864, 792, 742, 594, 498, 356, 226, 140, 84, 18, 0, 0]
maxes:
[864, 864, 764, 684, 524, 422, 314, 206, 110, 70, 22, 12]
mins:
[864, 792, 742, 594, 498, 356, 226, 140, 84, 18, 0, 0]
maxes:
[864, 864, 764, 684, 524, 422, 314, 206, 110, 70, 22, 12]
mins:
[864, 792, 742, 594, 498, 356, 226, 140, 84, 18, 0, 0]
maxes:
[864, 864, 764, 684, 524, 422, 314, 206, 110, 65, 22, 12]
mins:
[864, 792, 742, 594, 498, 356, 226, 140, 84, 18, 0, 0]
maxes:
[864, 864, 764, 684, 524, 422, 314, 206, 110, 65, 22, 12]
mins:
[864, 792, 742, 594, 498, 356, 262, 140, 84, 18, 0, 0]
maxes:
[864, 864, 764, 684, 524, 424, 278, 206, 110, 70, 22, 12]
mins:
[864, 792, 742, 594, 498, 356, 262, 140, 84, 18, 0, 0]
maxes:
[864, 864, 764, 684, 524, 424, 278, 206, 110, 70, 22, 12]
mins:
[864, 792, 742, 594, 498, 356, 262, 140, 84, 18, 0, 0]
maxes:
[864, 864, 764, 684, 524, 424, 278, 206, 110, 65, 22, 12]
mins:
[864, 792, 742, 594, 498, 356, 262, 140, 84, 18, 0, 0]
maxes:
[864, 864, 764, 684, 524, 424, 278, 206, 110, 65, 22, 12]
mins:
[864, 792, 742, 594, 498, 356, 262, 140, 84, 18, 0, 0]
maxes:
[864, 864, 764, 684, 524, 424, 278, 206, 110, 70, 22, 12]
mins:
[864, 792, 742, 594, 498, 356, 262, 140, 84, 18, 0, 0]
maxes:
[864, 864, 764, 684, 524, 424, 278, 206, 110, 70, 22, 12]
mins:
[864, 792, 742, 594, 498, 356, 262, 140, 84, 18, 0, 0]
maxes:
[864, 864, 764, 684, 524, 424, 278, 206, 110, 65, 22, 12]
mins:
[864, 792, 742, 594, 498, 356, 262, 140, 84, 18, 0, 0]
maxes:
[864, 864, 764, 684, 524, 424, 278, 206, 110, 65, 22, 12]
mins:
[864, 792, 742, 594, 498, 356, 226, 140, 84, 18, 0, 0]
maxes:
[864, 864, 764, 684, 524, 424, 314, 206, 110, 70, 22, 12]
mins:
[864, 792, 742, 594, 498, 356, 226, 140, 84, 18, 0, 0]
maxes:
[864, 864, 764, 684, 524, 424, 314, 206, 110, 70, 22, 12]
mins:
[864, 792, 742, 594, 498, 356, 226, 140, 84, 18, 0, 0]
maxes:
[864, 864, 764, 684, 524, 424, 314, 206, 110, 65, 22, 12]
mins:
[864, 792, 742, 594, 498, 356, 226, 140, 84, 18, 0, 0]
maxes:
[864, 864, 764, 684, 524, 424, 314, 206, 110, 65, 22, 12]
mins:
[864, 792, 742, 594, 498, 356, 226, 140, 84, 18, 0, 0]
maxes:
[864, 864, 764, 684, 524, 424, 314, 206, 110, 70, 22, 12]
mins:
[864, 792, 742, 594, 498, 356, 226, 140, 84, 18, 0, 0]
maxes:
[864, 864, 764, 684, 524, 424, 314, 206, 110, 70, 22, 12]
mins:
[864, 792, 742, 594, 498, 356, 226, 140, 84, 18, 0, 0]
maxes:
[864, 864, 764, 684, 524, 424, 314, 206, 110, 65, 22, 12]
mins:
[864, 792, 742, 594, 498, 356, 226, 140, 84, 18, 0, 0]
maxes:
[864, 864, 764, 684, 524, 424, 314, 206, 110, 65, 22, 12]
mins:
[864, 792, 742, 594, 498, 356, 262, 140, 84, 18, 0, 0]
maxes:
[864, 864, 764, 684, 524, 422, 278, 206, 110, 70, 22, 12]
mins:
[864, 792, 742, 594, 498, 356, 262, 140, 84, 18, 0, 0]
maxes:
[864, 864, 764, 684, 524, 422, 278, 206, 110, 70, 22, 12]
mins:
[864, 792, 742, 594, 498, 356, 262, 140, 84, 18, 0, 0]
maxes:
[864, 864, 764, 684, 524, 422, 278, 206, 110, 65, 22, 12]
mins:
[864, 792, 742, 594, 498, 356, 262, 140, 84, 18, 0, 0]
maxes:
[864, 864, 764, 684, 524, 422, 278, 206, 110, 65, 22, 12]
mins:
[864, 792, 742, 594, 498, 356, 262, 140, 84, 18, 0, 0]
maxes:
[864, 864, 764, 684, 524, 422, 278, 206, 110, 70, 22, 12]
mins:
[864, 792, 742, 594, 498, 356, 262, 140, 84, 18, 0, 0]
maxes:
[864, 864, 764, 684, 524, 422, 278, 206, 110, 70, 22, 12]
mins:
[864, 792, 742, 594, 498, 356, 262, 140, 84, 18, 0, 0]
maxes:
[864, 864, 764, 684, 524, 422, 278, 206, 110, 65, 22, 12]
mins:
[864, 792, 742, 594, 498, 356, 262, 140, 84, 18, 0, 0]
maxes:
[864, 864, 764, 684, 524, 422, 278, 206, 110, 65, 22, 12]
mins:
[864, 792, 742, 594, 498, 356, 226, 140, 84, 18, 0, 0]
maxes:
[864, 864, 764, 684, 524, 422, 314, 206, 110, 70, 22, 12]
mins:
[864, 792, 742, 594, 498, 356, 226, 140, 84, 18, 0, 0]
maxes:
[864, 864, 764, 684, 524, 422, 314, 206, 110, 70, 22, 12]
mins:
[864, 792, 742, 594, 498, 356, 226, 140, 84, 18, 0, 0]
maxes:
[864, 864, 764, 684, 524, 422, 314, 206, 110, 65, 22, 12]
mins:
[864, 792, 742, 594, 498, 356, 226, 140, 84, 18, 0, 0]
maxes:
[864, 864, 764, 684, 524, 422, 314, 206, 110, 65, 22, 12]
mins:
[864, 792, 742, 594, 498, 356, 226, 140, 84, 18, 0, 0]
maxes:
[864, 864, 764, 684, 524, 422, 314, 206, 110, 70, 22, 12]
mins:
[864, 792, 742, 594, 498, 356, 226, 140, 84, 18, 0, 0]
maxes:
[864, 864, 764, 684, 524, 422, 314, 206, 110, 70, 22, 12]
mins:
[864, 792, 742, 594, 498, 356, 226, 140, 84, 18, 0, 0]
maxes:
[864, 864, 764, 684, 524, 422, 314, 206, 110, 65, 22, 12]
mins:
[864, 792, 742, 594, 498, 356, 226, 140, 84, 18, 0, 0]
maxes:
[864, 864, 764, 684, 524, 422, 314, 206, 110, 65, 22, 12]
mins:
[864, 792, 742, 594, 498, 356, 262, 140, 84, 18, 0, 0]
maxes:
[864, 864, 764, 684, 524, 424, 278, 206, 110, 70, 22, 12]
mins:
[864, 792, 742, 594, 498, 356, 262, 140, 84, 18, 0, 0]
maxes:
[864, 864, 764, 684, 524, 424, 278, 206, 110, 70, 22, 12]
mins:
[864, 792, 742, 594, 498, 356, 262, 140, 84, 18, 0, 0]
maxes:
[864, 864, 764, 684, 524, 424, 278, 206, 110, 65, 22, 12]
mins:
[864, 792, 742, 594, 498, 356, 262, 140, 84, 18, 0, 0]
maxes:
[864, 864, 764, 684, 524, 424, 278, 206, 110, 65, 22, 12]
mins:
[864, 792, 742, 594, 498, 356, 262, 140, 84, 18, 0, 0]
maxes:
[864, 864, 764, 684, 524, 424, 278, 206, 110, 70, 22, 12]
mins:
[864, 792, 742, 594, 498, 356, 262, 140, 84, 18, 0, 0]
maxes:
[864, 864, 764, 684, 524, 424, 278, 206, 110, 70, 22, 12]
mins:
[864, 792, 742, 594, 498, 356, 262, 140, 84, 18, 0, 0]
maxes:
[864, 864, 764, 684, 524, 424, 278, 206, 110, 65, 22, 12]
mins:
[864, 792, 742, 594, 498, 356, 262, 140, 84, 18, 0, 0]
maxes:
[864, 864, 764, 684, 524, 424, 278, 206, 110, 65, 22, 12]
mins:
[864, 792, 742, 594, 498, 356, 226, 140, 84, 18, 0, 0]
maxes:
[864, 864, 764, 684, 524, 424, 314, 206, 110, 70, 22, 12]
mins:
[864, 792, 742, 594, 498, 356, 226, 140, 84, 18, 0, 0]
maxes:
[864, 864, 764, 684, 524, 424, 314, 206, 110, 70, 22, 12]
mins:
[864, 792, 742, 594, 498, 356, 226, 140, 84, 18, 0, 0]
maxes:
[864, 864, 764, 684, 524, 424, 314, 206, 110, 65, 22, 12]
mins:
[864, 792, 742, 594, 498, 356, 226, 140, 84, 18, 0, 0]
maxes:
[864, 864, 764, 684, 524, 424, 314, 206, 110, 65, 22, 12]
mins:
[864, 792, 742, 594, 498, 356, 226, 140, 84, 18, 0, 0]
maxes:
[864, 864, 764, 684, 524, 424, 314, 206, 110, 70, 22, 12]
mins:
[864, 792, 742, 594, 498, 356, 226, 140, 84, 18, 0, 0]
maxes:
[864, 864, 764, 684, 524, 424, 314, 206, 110, 70, 22, 12]
mins:
[864, 792, 742, 594, 498, 356, 226, 140, 84, 18, 0, 0]
maxes:
[864, 864, 764, 684, 524, 424, 314, 206, 110, 65, 22, 12]
mins:
[864, 792, 742, 594, 498, 356, 226, 140, 84, 18, 0, 0]
maxes:
[864, 864, 764, 684, 524, 424, 314, 206, 110, 65, 22, 12]
mins:
[864, 792, 742, 594, 498, 356, 262, 140, 84, 18, 0, 0]
maxes:
[864, 864, 764, 684, 524, 424, 278, 206, 110, 70, 22, 12]
mins:
[864, 792, 742, 594, 498, 356, 262, 140, 84, 18, 0, 0]
maxes:
[864, 864, 764, 684, 524, 424, 278, 206, 110, 70, 22, 12]
mins:
[864, 792, 742, 594, 498, 356, 262, 140, 84, 18, 0, 0]
maxes:
[864, 864, 764, 684, 524, 424, 278, 206, 110, 65, 22, 12]
mins:
[864, 792, 742, 594, 498, 356, 262, 140, 84, 18, 0, 0]
maxes:
[864, 864, 764, 684, 524, 424, 278, 206, 110, 65, 22, 12]
mins:
[864, 792, 742, 594, 498, 356, 262, 140, 84, 18, 0, 0]
maxes:
[864, 864, 764, 684, 524, 424, 278, 206, 110, 70, 22, 12]
mins:
[864, 792, 742, 594, 498, 356, 262, 140, 84, 18, 0, 0]
maxes:
[864, 864, 764, 684, 524, 424, 278, 206, 110, 70, 22, 12]
mins:
[864, 792, 742, 594, 498, 356, 262, 140, 84, 18, 0, 0]
maxes:
[864, 864, 764, 684, 524, 424, 278, 206, 110, 65, 22, 12]
mins:
[864, 792, 742, 594, 498, 356, 262, 140, 84, 18, 0, 0]
maxes:
[864, 864, 764, 684, 524, 424, 278, 206, 110, 65, 22, 12]
mins:
[864, 792, 742, 594, 498, 356, 226, 140, 84, 18, 0, 0]
maxes:
[864, 864, 764, 684, 524, 424, 314, 206, 110, 70, 22, 12]
mins:
[864, 792, 742, 594, 498, 356, 226, 140, 84, 18, 0, 0]
maxes:
[864, 864, 764, 684, 524, 424, 314, 206, 110, 70, 22, 12]
mins:
[864, 792, 742, 594, 498, 356, 226, 140, 84, 18, 0, 0]
maxes:
[864, 864, 764, 684, 524, 424, 314, 206, 110, 65, 22, 12]
mins:
[864, 792, 742, 594, 498, 356, 226, 140, 84, 18, 0, 0]
maxes:
[864, 864, 764, 684, 524, 424, 314, 206, 110, 65, 22, 12]
mins:
[864, 792, 742, 594, 498, 356, 226, 140, 84, 18, 0, 0]
maxes:
[864, 864, 764, 684, 524, 424, 314, 206, 110, 70, 22, 12]
mins:
[864, 792, 742, 594, 498, 356, 226, 140, 84, 18, 0, 0]
maxes:
[864, 864, 764, 684, 524, 424, 314, 206, 110, 70, 22, 12]
mins:
[864, 792, 742, 594, 498, 356, 226, 140, 84, 18, 0, 0]
maxes:
[864, 864, 764, 684, 524, 424, 314, 206, 110, 65, 22, 12]
mins:
[864, 792, 742, 594, 498, 356, 226, 140, 84, 18, 0, 0]
maxes:
[864, 864, 764, 684, 524, 424, 314, 206, 110, 65, 22, 12]
mins:
[864, 792, 742, 594, 498, 356, 262, 140, 84, 18, 0, 0]
maxes:
[864, 864, 764, 684, 524, 422, 278, 206, 110, 70, 22, 12]
mins:
[864, 792, 742, 594, 498, 356, 262, 140, 84, 18, 0, 0]
maxes:
[864, 864, 764, 684, 524, 422, 278, 206, 110, 70, 22, 12]
mins:
[864, 792, 742, 594, 498, 356, 262, 140, 84, 18, 0, 0]
maxes:
[864, 864, 764, 684, 524, 422, 278, 206, 110, 65, 22, 12]
mins:
[864, 792, 742, 594, 498, 356, 262, 140, 84, 18, 0, 0]
maxes:
[864, 864, 764, 684, 524, 422, 278, 206, 110, 65, 22, 12]
mins:
[864, 792, 742, 594, 498, 356, 262, 140, 84, 18, 0, 0]
maxes:
[864, 864, 764, 684, 524, 422, 278, 206, 110, 70, 22, 12]
mins:
[864, 792, 742, 594, 498, 356, 262, 140, 84, 18, 0, 0]
maxes:
[864, 864, 764, 684, 524, 422, 278, 206, 110, 70, 22, 12]
mins:
[864, 792, 742, 594, 498, 356, 262, 140, 84, 18, 0, 0]
maxes:
[864, 864, 764, 684, 524, 422, 278, 206, 110, 65, 22, 12]
mins:
[864, 792, 742, 594, 498, 356, 262, 140, 84, 18, 0, 0]
maxes:
[864, 864, 764, 684, 524, 422, 278, 206, 110, 65, 22, 12]
mins:
[864, 792, 742, 594, 498, 356, 226, 140, 84, 18, 0, 0]
maxes:
[864, 864, 764, 684, 524, 422, 314, 206, 110, 70, 22, 12]
mins:
[864, 792, 742, 594, 498, 356, 226, 140, 84, 18, 0, 0]
maxes:
[864, 864, 764, 684, 524, 422, 314, 206, 110, 70, 22, 12]
mins:
[864, 792, 742, 594, 498, 356, 226, 140, 84, 18, 0, 0]
maxes:
[864, 864, 764, 684, 524, 422, 314, 206, 110, 65, 22, 12]
mins:
[864, 792, 742, 594, 498, 356, 226, 140, 84, 18, 0, 0]
maxes:
[864, 864, 764, 684, 524, 422, 314, 206, 110, 65, 22, 12]
mins:
[864, 792, 742, 594, 498, 356, 226, 140, 84, 18, 0, 0]
maxes:
[864, 864, 764, 684, 524, 422, 314, 206, 110, 70, 22, 12]
mins:
[864, 792, 742, 594, 498, 356, 226, 140, 84, 18, 0, 0]
maxes:
[864, 864, 764, 684, 524, 422, 314, 206, 110, 70, 22, 12]
mins:
[864, 792, 742, 594, 498, 356, 226, 140, 84, 18, 0, 0]
maxes:
[864, 864, 764, 684, 524, 422, 314, 206, 110, 65, 22, 12]
mins:
[864, 792, 742, 594, 498, 356, 226, 140, 84, 18, 0, 0]
maxes:
[864, 864, 764, 684, 524, 422, 314, 206, 110, 65, 22, 12]
mins:
[864, 792, 742, 594, 498, 356, 262, 140, 84, 18, 0, 0]
maxes:
[864, 864, 764, 684, 524, 424, 278, 206, 110, 70, 22, 12]
mins:
[864, 792, 742, 594, 498, 356, 262, 140, 84, 18, 0, 0]
maxes:
[864, 864, 764, 684, 524, 424, 278, 206, 110, 70, 22, 12]
mins:
[864, 792, 742, 594, 498, 356, 262, 140, 84, 18, 0, 0]
maxes:
[864, 864, 764, 684, 524, 424, 278, 206, 110, 65, 22, 12]
mins:
[864, 792, 742, 594, 498, 356, 262, 140, 84, 18, 0, 0]
maxes:
[864, 864, 764, 684, 524, 424, 278, 206, 110, 65, 22, 12]
mins:
[864, 792, 742, 594, 498, 356, 262, 140, 84, 18, 0, 0]
maxes:
[864, 864, 764, 684, 524, 424, 278, 206, 110, 70, 22, 12]
mins:
[864, 792, 742, 594, 498, 356, 262, 140, 84, 18, 0, 0]
maxes:
[864, 864, 764, 684, 524, 424, 278, 206, 110, 70, 22, 12]
mins:
[864, 792, 742, 594, 498, 356, 262, 140, 84, 18, 0, 0]
maxes:
[864, 864, 764, 684, 524, 424, 278, 206, 110, 65, 22, 12]
mins:
[864, 792, 742, 594, 498, 356, 262, 140, 84, 18, 0, 0]
maxes:
[864, 864, 764, 684, 524, 424, 278, 206, 110, 65, 22, 12]
mins:
[864, 792, 742, 594, 498, 356, 226, 140, 84, 18, 0, 0]
maxes:
[864, 864, 764, 684, 524, 424, 314, 206, 110, 70, 22, 12]
mins:
[864, 792, 742, 594, 498, 356, 226, 140, 84, 18, 0, 0]
maxes:
[864, 864, 764, 684, 524, 424, 314, 206, 110, 70, 22, 12]
mins:
[864, 792, 742, 594, 498, 356, 226, 140, 84, 18, 0, 0]
maxes:
[864, 864, 764, 684, 524, 424, 314, 206, 110, 65, 22, 12]
mins:
[864, 792, 742, 594, 498, 356, 226, 140, 84, 18, 0, 0]
maxes:
[864, 864, 764, 684, 524, 424, 314, 206, 110, 65, 22, 12]
mins:
[864, 792, 742, 594, 498, 356, 226, 140, 84, 18, 0, 0]
maxes:
[864, 864, 764, 684, 524, 424, 314, 206, 110, 70, 22, 12]
mins:
[864, 792, 742, 594, 498, 356, 226, 140, 84, 18, 0, 0]
maxes:
[864, 864, 764, 684, 524, 424, 314, 206, 110, 70, 22, 12]
mins:
[864, 792, 742, 594, 498, 356, 226, 140, 84, 18, 0, 0]
maxes:
[864, 864, 764, 684, 524, 424, 314, 206, 110, 65, 22, 12]
mins:
[864, 792, 742, 594, 498, 356, 226, 140, 84, 18, 0, 0]
maxes:
[864, 864, 764, 684, 524, 424, 314, 206, 110, 65, 22, 12]
mins:
[864, 792, 742, 594, 498, 356, 262, 140, 84, 18, 0, 0]
maxes:
[864, 864, 764, 684, 524, 422, 278, 206, 110, 70, 22, 12]
mins:
[864, 792, 742, 594, 498, 356, 262, 140, 84, 18, 0, 0]
maxes:
[864, 864, 764, 684, 524, 422, 278, 206, 110, 70, 22, 12]
mins:
[864, 792, 742, 594, 498, 356, 262, 140, 84, 18, 0, 0]
maxes:
[864, 864, 764, 684, 524, 422, 278, 206, 110, 65, 22, 12]
mins:
[864, 792, 742, 594, 498, 356, 262, 140, 84, 18, 0, 0]
maxes:
[864, 864, 764, 684, 524, 422, 278, 206, 110, 65, 22, 12]
mins:
[864, 792, 742, 594, 498, 356, 262, 140, 84, 18, 0, 0]
maxes:
[864, 864, 764, 684, 524, 422, 278, 206, 110, 70, 22, 12]
mins:
[864, 792, 742, 594, 498, 356, 262, 140, 84, 18, 0, 0]
maxes:
[864, 864, 764, 684, 524, 422, 278, 206, 110, 70, 22, 12]
mins:
[864, 792, 742, 594, 498, 356, 262, 140, 84, 18, 0, 0]
maxes:
[864, 864, 764, 684, 524, 422, 278, 206, 110, 65, 22, 12]
mins:
[864, 792, 742, 594, 498, 356, 262, 140, 84, 18, 0, 0]
maxes:
[864, 864, 764, 684, 524, 422, 278, 206, 110, 65, 22, 12]
mins:
[864, 792, 742, 594, 498, 356, 226, 140, 84, 18, 0, 0]
maxes:
[864, 864, 764, 684, 524, 422, 314, 206, 110, 70, 22, 12]
mins:
[864, 792, 742, 594, 498, 356, 226, 140, 84, 18, 0, 0]
maxes:
[864, 864, 764, 684, 524, 422, 314, 206, 110, 70, 22, 12]
mins:
[864, 792, 742, 594, 498, 356, 226, 140, 84, 18, 0, 0]
maxes:
[864, 864, 764, 684, 524, 422, 314, 206, 110, 65, 22, 12]
mins:
[864, 792, 742, 594, 498, 356, 226, 140, 84, 18, 0, 0]
maxes:
[864, 864, 764, 684, 524, 422, 314, 206, 110, 65, 22, 12]
mins:
[864, 792, 742, 594, 498, 356, 226, 140, 84, 18, 0, 0]
maxes:
[864, 864, 764, 684, 524, 422, 314, 206, 110, 70, 22, 12]
mins:
[864, 792, 742, 594, 498, 356, 226, 140, 84, 18, 0, 0]
maxes:
[864, 864, 764, 684, 524, 422, 314, 206, 110, 70, 22, 12]
mins:
[864, 792, 742, 594, 498, 356, 226, 140, 84, 18, 0, 0]
maxes:
[864, 864, 764, 684, 524, 422, 314, 206, 110, 65, 22, 12]
mins:
[864, 792, 742, 594, 498, 356, 226, 140, 84, 18, 0, 0]
maxes:
[864, 864, 764, 684, 524, 422, 314, 206, 110, 65, 22, 12]
