4374
162
mins:
[4374, 4212, 3956, 3700, 3382, 2948, 2532, 2092, 1612, 1195, 892, 648, 432, 232, 116, 32, 0, 0]
maxes:
[4374, 4374, 4246, 3894, 3474, 3134, 2646, 2258, 1878, 1498, 1158, 834, 546, 344, 208, 109, 50, 18]
mins:
[4374, 4212, 3956, 3700, 3382, 2948, 2532, 2092, 1612, 1195, 892, 648, 432, 232, 116, 32, 0, 0]
maxes:
[4374, 4374, 4246, 3894, 3474, 3134, 2646, 2258, 1878, 1498, 1158, 834, 546, 344, 208, 109, 50, 18]
mins:
[4374, 4212, 3956, 3700, 3382, 2948, 2532, 2092, 1612, 1195, 892, 648, 432, 232, 116, 32, 0, 0]
maxes:
[4374, 4374, 4246, 3894, 3474, 3134, 2646, 2258, 1878, 1504, 1158, 834, 546, 344, 208, 109, 50, 18]
mins:
[4374, 4212, 3956, 3700, 3382, 2948, 2532, 2092, 1612, 1195, 892, 648, 432, 232, 116, 32, 0, 0]
maxes:
[4374, 4374, 4246, 3894, 3474, 3134, 2646, 2258, 1878, 1504, 1158, 834, 546, 344, 208, 109, 50, 18]
mins:
[4374, 4212, 3956, 3700, 3382, 2892, 2532, 2092, 1612, 1195, 892, 648, 432, 232, 116, 32, 0, 0]
maxes:
[4374, 4374, 4246, 3894, 3474, 3134, 2646, 2258, 1878, 1498, 1158, 834, 546, 344, 208, 109, 50, 18]
mins:
[4374, 4212, 3956, 3700, 3382, 2892, 2532, 2092, 1612, 1195, 892, 648, 432, 232, 116, 32, 0, 0]
maxes:
[4374, 4374, 4246, 3894, 3474, 3134, 2646, 2258, 1878, 1498, 1158, 834, 546, 344, 208, 109, 50, 18]
mins:
[4374, 4212, 3956, 3700, 3382, 2892, 2532, 2092, 1612, 1195, 892, 648, 432, 232, 116, 32, 0, 0]
maxes:
[4374, 4374, 4246, 3894, 3474, 3134, 2646, 2258, 1878, 1504, 1158, 834, 546, 344, 208, 109, 50, 18]
mins:
[4374, 4212, 3956, 3700, 3382, 2892, 2532, 2092, 1612, 119