abcddcbacbdaadbcdbaccabddbaccabdcbaddabcabcddcba
abcddcbacbdaadbcdbaccabddbaccabdcbaddabcabdccdba
abcddcbacbdaadbcdbaccabddbaccabdcbdaadbcabcddcba
abcddcbacbdaadbcdbaccabddbaccabdcbdaadbcabdccdba
abcddcbacbdaadbcdbaccabddbcaacbdcbaddabcabcddcba
abcddcbacbdaadbcdbaccabddbcaacbdcbaddabcabdccdba
abcddcbacbdaadbcdbaccabddbcaacbdcbdaadbcabcddcba
abcddcbacbdaadbcdbaccabddbcaacbdcbdaadbcabdccdba
abcddcbacbdaadbcdbaccadbbdaccabdcbaddabcabcddcba
abcddcbacbdaadbcdbaccadbbdaccabdcbaddabcabdccdba
abcddcbacbdaadbcdbaccadbbdaccabdcbdaadbcabcddcba
abcddcbacbdaadbcdbaccadbbdaccabdcbdaadbcabdccdba
abcddcbacbdaadbcdbaccadbbdcaacbdcbaddabcabcddcba
abcddcbacbdaadbcdbaccadbbdcaacbdcbaddabcabdccdba
abcddcbacbdaadbcdbaccadbbdcaacbdcbdaadbcabcddcba
abcddcbacbdaadbcdbaccadbbdcaacbdcbdaadbcabdccdba
depth 0
abcd
864 864 864 864 864 864 864 864 864 864 864 864 864 864 864 864 864 864 864 864 864 864 864 864 
72 72 72 72 72 72 72 72 72 72 72 72 
option: abcd 4.37421e+13 1.93226e+12 1.6456e+12 2.04372e+12 1.6456e+12 2.04372e+12 1.75228e+12 1.67852e+12 1.88775e+12 2.04372e+12 1.6456e+12 2.04372e+12 1.75228e+12 1.67852e+12 1.88775e+12 1.67852e+12 1.88775e+12 2.04372e+12 1.75228e+12 1.67852e+12 1.88775e+12 1.67852e+12 1.88775e+12 1.67852e+12 1.88775e+12 should pick!
depth 1
dcba
792 792 804 792 804 803 864 864 804 792 804 803 864 864 864 864 804 803 864 864 864 864 864 864 
60 60 60 61 60 60 61 61 60 61 61 61 
option: abcd 1.33428e+12 5.51709e+10 2.51921e+10 8.33642e+10 2.51921e+10 8.33642e+10 4.80404e+10 4.06687e+10 7.11101e+10 8.33642e+10 2.51921e+10 8.33642e+10 4.80404e+10 4.06687e+10 7.11101e+10 3.38827e+10 7.11101e+10 8.33642e+10 4.80404e+10 4.06687e+10 7.11101e+10 3.38827e+10 7.11101e+10 3.38827e+10 6.33897e+10
option: abdc 1.45844e+12 5.01041e+10 4.51054e+10 8.33642e+10 4.10411e+10 8.33642e+10 3.18656e+10 6.75114e+10 6.80721e+10 8.33642e+10 4.10411e+10 8.33642e+10 3.18656e+10 4.06687e+10 7.11101e+10 3.38827e+10 7.11101e+10 7.80347e+10 8.17412e+10 4.06687e+10 7.11101e+10 3.38827e+10 7.11101e+10 7.1765e+10 8.32904e+10
option: acbd 1.47933e+12 7.56129e+10 2.51921e+10 6.45784e+10 2.51921e+10 8.52245e+10 7.57065e+10 4.06687e+10 7.11101e+10 7.80347e+10 7.36181e+10 8.33642e+10 4.80404e+10 4.06687e+10 7.11101e+10 7.1765e+10 8.01878e+10 8.33642e+10 4.80404e+10 6.75114e+10 6.80721e+10 3.38827e+10 6.33897e+10 3.38827e+10 7.11101e+10
option: acdb 1.58868e+12 7.56129e+10 4.10411e+10 6.32527e+10 4.51054e+10 6.32527e+10 7.57065e+10 4.06687e+10 7.11101e+10 7.80347e+10 7.36181e+10 7.80347e+10 8.17412e+10 6.75114e+10 6.80721e+10 7.1765e+10 8.32904e+10 8.33642e+10 3.18656e+10 6.75114e+10 6.80721e+10 7.1765e+10 8.32904e+10 3.38827e+10 7.11101e+10
option: adbc 1.60467e+12 5.01041e+10 7.24096e+10 8.52245e+10 7.24096e+10 6.45784e+10 3.18656e+10 6.75114e+10 6.80721e+10 8.33642e+10 4.10411e+10 7.80347e+10 8.01878e+10 6.75114e+10 6.80721e+10 3.38827e+10 6.33897e+10 7.80347e+10 8.01878e+10 4.06687e+10 7.11101e+10 7.1765e+10 8.01878e+10 7.1765e+10 8.32904e+10
option: adcb 1.73985e+12 7.24096e+10 7.24096e+10 6.32527e+10 7.24096e+10 6.32527e+10 5.46696e+10 6.75114e+10 6.80721e+10 7.80347e+10 7.8155e+10 7.80347e+10 8.01878e+10 6.75114e+10 6.80721e+10 7.1765e+10 8.32904e+10 7.80347e+10 8.01878e+10 6.75114e+10 6.80721e+10 7.1765e+10 8.32904e+10 7.1765e+10 8.01878e+10
option: bacd 1.51551e+12 8.69175e+10 7.36181e+10 8.33642e+10 2.51921e+10 8.33642e+10 4.80404e+10 8.44262e+10 8.01878e+10 8.33642e+10 2.51921e+10 8.33642e+10 4.80404e+10 3.38827e+10 7.11101e+10 4.06687e+10 7.11101e+10 8.52245e+10 7.57065e+10 3.38827e+10 7.11101e+10 4.06687e+10 7.11101e+10 5.79832e+10 5.79832e+10
option: badc 1.71862e+12 1.0444e+11 9.61585e+10 8.33642e+10 4.10411e+10 8.33642e+10 3.18656e+10 1.05651e+11 1.01677e+11 8.33642e+10 4.10411e+10 8.33642e+10 3.18656e+10 3.38827e+10 7.11101e+10 4.06687e+10 7.11101e+10 1.01251e+11 9.72149e+10 3.38827e+10 7.11101e+10 4.06687e+10 7.11101e+10 9.97067e+10 9.97067e+10
option: bcad 1.62926e+12 8.69175e+10 7.36181e+10 7.80347e+10 7.36181e+10 8.33642e+10 4.80404e+10 7.1765e+10 8.01878e+10 6.45784e+10 2.51921e+10 8.52245e+10 7.57065e+10 7.1765e+10 8.01878e+10 4.06687e+10 7.11101e+10 8.52245e+10 7.57065e+10 3.38827e+10 6.33897e+10 6.75114e+10 6.80721e+10 6.75114e+10 5.79832e+10
option: bcda 1.72007e+12 8.69175e+10 7.36181e+10 7.80347e+10 7.36181e+10 7.80347e+10 8.17412e+10 7.1765e+10 8.32904e+10 6.32527e+10 4.51054e+10 6.32527e+10 7.57065e+10 7.1765e+10 8.32904e+10 6.75114e+10 6.80721e+10 6.32527e+10 7.57065e+10 7.1765e+10 8.32904e+10 6.75114e+10 6.80721e+10 6.75114e+10 5.79832e+10
option: bdac 1.84153e+12 1.0444e+11 9.61585e+10 8.33642e+10 4.10411e+10 7.80347e+10 8.01878e+10 1.05651e+11 9.97067e+10 8.52245e+10 7.24096e+10 6.45784e+10 3.18656e+10 3.38827e+10 6.33897e+10 6.75114e+10 6.80721e+10 1.05651e+11 9.72149e+10 7.1765e+10 8.01878e+10 4.06687e+10 7.11101e+10 9.97067e+10 9.97067e+10
option: bdca 1.95751e+12 1.0444e+11 9.61585e+10 7.80347e+10 7.8155e+10 7.80347e+10 8.01878e+10 9.97067e+10 9.97067e+10 6.32527e+10 7.24096e+10 6.32527e+10 5.46696e+10 7.1765e+10 8.32904e+10 6.75114e+10 6.80721e+10 1.05651e+11 9.72149e+10 7.1765e+10 8.32904e+10 6.75114e+10 6.80721e+10 1.05651e+11 9.97067e+10
option: cabd 1.64496e+12 7.56129e+10 2.51921e+10 8.44262e+10 7.36181e+10 8.52245e+10 7.57065e+10 3.38827e+10 7.11101e+10 8.44262e+10 7.36181e+10 8.52245e+10 7.57065e+10 8.44262e+10 8.01878e+10 7.1765e+10 8.01878e+10 8.33642e+10 4.80404e+10 6.75114e+10 5.79832e+10 5.79832e+10 5.79832e+10 4.06687e+10 7.11101e+10
option: cadb 1.83323e+12 7.56129e+10 4.10411e+10 1.05651e+11 9.61585e+10 6.32527e+10 7.57065e+10 3.38827e+10 7.11101e+10 8.44262e+10 7.36181e+10 1.01251e+11 9.72149e+10 1.05651e+11 1.01677e+11 7.1765e+10 8.32904e+10 8.33642e+10 3.18656e+10 6.75114e+10 5.79832e+10 9.97067e+10 9.97067e+10 4.06687e+10 7.11101e+10
option: cbad 1.80035e+12 8.22854e+10 7.36181e+10 8.44262e+10 7.36181e+10 8.52245e+10 7.57065e+10 7.1765e+10 8.01878e+10 8.44262e+10 7.36181e+10 8.52245e+10 7.57065e+10 7.1765e+10 8.01878e+10 8.44262e+10 8.01878e+10 8.52245e+10 7.57065e+10 5.79832e+10 5.79832e+10 6.75114e+10 5.79832e+10 6.75114e+10 6.80721e+10
option: cbda 1.97007e+12 8.22854e+10 7.36181e+10 8.44262e+10 7.36181e+10 1.01251e+11 9.72149e+10 7.1765e+10 8.32904e+10 1.05651e+11 9.61585e+10 6.32527e+10 7.57065e+10 7.1765e+10 8.32904e+10 1.05651e+11 1.01677e+11 6.32527e+10 7.57065e+10 9.97067e+10 9.97067e+10 6.75114e+10 5.79832e+10 6.75114e+10 6.80721e+10
option: cdab 2.04104e+12 7.56129e+10 4.10411e+10 1.05651e+11 9.61585e+10 1.05651e+11 9.72149e+10 3.38827e+10 6.33897e+10 1.05651e+11 9.61585e+10 1.05651e+11 9.72149e+10 1.05651e+11 9.97067e+10 9.97067e+10 9.97067e+10 6.45784e+10 3.18656e+10 1.05651e+11 9.97067e+10 9.97067e+10 9.97067e+10 4.06687e+10 7.11101e+10
option: cdba 2.18789e+12 8.22854e+10 7.8155e+10 1.05651e+11 9.61585e+10 1.05651e+11 9.72149e+10 7.1765e+10 8.32904e+10 1.05651e+11 9.61585e+10 1.05651e+11 9.72149e+10 9.97067e+10 9.97067e+10 1.05651e+11 9.97067e+10 6.32527e+10 5.46696e+10 9.97067e+10 9.97067e+10 1.05651e+11 9.97067e+10 6.75114e+10 6.80721e+10
option: dabc 1.7702e+12 5.01041e+10 7.24096e+10 8.52245e+10 7.24096e+10 8.44262e+10 8.01878e+10 6.75114e+10 5.79832e+10 8.52245e+10 7.24096e+10 8.44262e+10 8.01878e+10 6.75114e+10 5.79832e+10 5.79832e+10 5.79832e+10 8.44262e+10 8.01878e+10 8.44262e+10 8.01878e+10 7.1765e+10 8.01878e+10 7.1765e+10 8.32904e+10
option: dacb 1.9847e+12 7.24096e+10 7.24096e+10 6.32527e+10 7.24096e+10 1.05651e+11 1.01677e+11 6.75114e+10 5.79832e+10 1.01251e+11 1.01677e+11 8.44262e+10 8.01878e+10 6.75114e+10 5.79832e+10 9.97067e+10 9.97067e+10 8.44262e+10 8.01878e+10 1.05651e+11 1.01677e+11 7.1765e+10 8.32904e+10 7.1765e+10 8.01878e+10
option: dbac 2.02074e+12 1.0444e+11 1.01677e+11 8.52245e+10 7.24096e+10 8.44262e+10 8.01878e+10 1.05651e+11 9.97067e+10 8.52245e+10 7.24096e+10 8.44262e+10 8.01878e+10 5.79832e+10 5.79832e+10 6.75114e+10 5.79832e+10 1.05651e+11 1.01677e+11 7.1765e+10 8.01878e+10 8.44262e+10 8.01878e+10 9.97067e+10 9.97067e+10
option: dbca 2.21604e+12 1.0444e+11 1.01677e+11 1.01251e+11 1.01677e+11 8.44262e+10 8.01878e+10 9.97067e+10 9.97067e+10 6.32527e+10 7.24096e+10 1.05651e+11 1.01677e+11 9.97067e+10 9.97067e+10 6.75114e+10 5.79832e+10 1.05651e+11 1.01677e+11 7.1765e+10 8.32904e+10 1.05651e+11 1.01677e+11 1.05651e+11 9.97067e+10
option: dcab 2.22887e+12 7.24096e+10 7.24096e+10 1.05651e+11 1.01677e+11 1.05651e+11 1.01677e+11 5.79832e+10 5.79832e+10 1.05651e+11 1.01677e+11 1.05651e+11 1.01677e+11 1.05651e+11 9.97067e+10 9.97067e+10 9.97067e+10 8.44262e+10 8.01878e+10 1.05651e+11 9.97067e+10 9.97067e+10 9.97067e+10 8.44262e+10 8.01878e+10
option: dcba 2.45627e+12 1.01677e+11 1.01677e+11 1.05651e+11 1.01677e+11 1.05651e+11 1.01677e+11 9.97067e+10 9.97067e+10 1.05651e+11 1.01677e+11 1.05651e+11 1.01677e+11 9.97067e+10 9.97067e+10 1.05651e+11 9.97067e+10 1.05651e+11 1.01677e+11 9.97067e+10 9.97067e+10 1.05651e+11 9.97067e+10 1.05651e+11 1.01677e+11 should pick!
depth 2
cbda
742 742 744 742 744 742 764 764 744 742 744 742 764 764 744 764 744 742 764 764 744 764 744 742 
50 50 50 50 50 50 50 50 50 50 50 50 
option: abcd 1.03015e+11 4.24757e+09 3.12444e+09 5.22767e+09 3.12444e+09 5.22767e+09 4.08532e+09 4.01556e+09 4.46336e+09 5.22767e+09 3.12444e+09 5.22767e+09 4.08532e+09 4.01556e+09 4.46336e+09 4.01556e+09 4.46336e+09 5.22767e+09 4.08532e+09 4.01556e+09 4.46336e+09 4.01556e+09 4.46336e+09 4.01556e+09 4.58988e+09
option: abdc 1.03015e+11 3.12444e+09 4.24757e+09 5.22767e+09 4.08532e+09 5.22767e+09 3.12444e+09 4.46336e+09 4.01556e+09 5.22767e+09 4.08532e+09 5.22767e+09 3.12444e+09 4.01556e+09 4.46336e+09 4.01556e+09 4.46336e+09 4.01556e+09 4.58988e+09 4.01556e+09 4.46336e+09 4.01556e+09 4.46336e+09 5.22767e+09 4.08532e+09
option: acbd 1.01572e+11 4.69145e+09 3.12444e+09 3.90162e+09 3.12444e+09 4.18833e+09 4.69145e+09 4.01556e+09 4.46336e+09 4.01556e+09 4.50153e+09 5.22767e+09 4.08532e+09 4.01556e+09 4.46336e+09 5.22767e+09 3.8723e+09 5.22767e+09 4.08532e+09 4.46336e+09 4.01556e+09 4.01556e+09 3.63743e+09 4.01556e+09 4.50153e+09
option: acdb 1.02616e+11 4.69145e+09 4.08532e+09 3.05784e+09 4.24757e+09 3.05784e+09 4.69145e+09 4.01556e+09 4.46336e+09 4.01556e+09 4.50153e+09 4.01556e+09 4.58988e+09 4.46336e+09 4.01556e+09 5.22767e+09 4.4503e+09 5.22767e+09 3.12444e+09 4.46336e+09 4.01556e+09 5.22767e+09 4.4503e+09 4.01556e+09 4.50153e+09
option: adbc 1.01572e+11 3.12444e+09 4.69145e+09 4.18833e+09 4.69145e+09 3.90162e+09 3.12444e+09 4.46336e+09 4.01556e+09 5.22767e+09 4.08532e+09 4.01556e+09 4.50153e+09 4.46336e+09 4.01556e+09 4.01556e+09 3.63743e+09 4.01556e+09 4.50153e+09 4.01556e+09 4.46336e+09 5.22767e+09 3.8723e+09 5.22767e+09 4.08532e+09
option: adcb 1.02616e+11 4.08532e+09 4.69145e+09 3.05784e+09 4.69145e+09 3.05784e+09 4.24757e+09 4.46336e+09 4.01556e+09 4.01556e+09 4.58988e+09 4.01556e+09 4.50153e+09 4.46336e+09 4.01556e+09 5.22767e+09 4.4503e+09 4.01556e+09 4.50153e+09 4.46336e+09 4.01556e+09 5.22767e+09 4.4503e+09 5.22767e+09 3.12444e+09
option: bacd 1.02858e+11 4.57671e+09 4.50153e+09 5.22767e+09 3.12444e+09 5.22767e+09 4.08532e+09 4.50956e+09 3.8723e+09 5.22767e+09 3.12444e+09 5.22767e+09 4.08532e+09 2.85707e+09 4.46336e+09 4.73144e+09 4.46336e+09 4.18833e+09 4.69145e+09 2.85707e+09 4.46336e+09 4.73144e+09 4.46336e+09 4.31875e+09 3.83833e+09
option: badc 1.02858e+11 4.50153e+09 4.57671e+09 5.22767e+09 4.08532e+09 5.22767e+09 3.12444e+09 3.8723e+09 4.50956e+09 5.22767e+09 4.08532e+09 5.22767e+09 3.12444e+09 2.85707e+09 4.46336e+09 4.73144e+09 4.46336e+09 4.31875e+09 3.83833e+09 2.85707e+09 4.46336e+09 4.73144e+09 4.46336e+09 4.18833e+09 4.69145e+09
option: bcad 1.0177e+11 4.57671e+09 4.50153e+09 4.01556e+09 4.50153e+09 5.22767e+09 4.08532e+09 4.73144e+09 3.8723e+09 3.90162e+09 3.12444e+09 4.18833e+09 4.69145e+09 4.73144e+09 3.8723e+09 4.73144e+09 4.46336e+09 4.18833e+09 4.69145e+09 2.85707e+09 3.63743e+09 4.66252e+09 4.01556e+09 4.66252e+09 3.83833e+09
option: bcda 1.02407e+11 4.57671e+09 4.50153e+09 4.01556e+09 4.50153e+09 4.01556e+09 4.58988e+09 4.73144e+09 4.4503e+09 3.05784e+09 4.24757e+09 3.05784e+09 4.69145e+09 4.73144e+09 4.4503e+09 4.66252e+09 4.01556e+09 3.05784e+09 4.69145e+09 4.73144e+09 4.4503e+09 4.66252e+09 4.01556e+09 4.66252e+09 3.83833e+09
option: bdac 1.0177e+11 4.50153e+09 4.57671e+09 5.22767e+09 4.08532e+09 4.01556e+09 4.50153e+09 3.8723e+09 4.73144e+09 4.18833e+09 4.69145e+09 3.90162e+09 3.12444e+09 2.85707e+09 3.63743e+09 4.66252e+09 4.01556e+09 4.66252e+09 3.83833e+09 4.73144e+09 3.8723e+09 4.73144e+09 4.46336e+09 4.18833e+09 4.69145e+09
option: bdca 1.02407e+11 4.50153e+09 4.57671e+09 4.01556e+09 4.58988e+09 4.01556e+09 4.50153e+09 4.4503e+09 4.73144e+09 3.05784e+09 4.69145e+09 3.05784e+09 4.24757e+09 4.73144e+09 4.4503e+09 4.66252e+09 4.01556e+09 4.66252e+09 3.83833e+09 4.73144e+09 4.4503e+09 4.66252e+09 4.01556e+09 3.05784e+09 4.69145e+09
option: cabd 1.01886e+11 4.69145e+09 3.12444e+09 4.73144e+09 4.50153e+09 4.18833e+09 4.69145e+09 2.85707e+09 4.46336e+09 4.73144e+09 4.50153e+09 4.18833e+09 4.69145e+09 4.50956e+09 3.8723e+09 5.22767e+09 3.8723e+09 5.22767e+09 4.08532e+09 4.46336e+09 2.85707e+09 4.31875e+09 2.85707e+09 4.73144e+09 4.50153e+09
option: cadb 1.02361e+11 4.69145e+09 4.08532e+09 4.66252e+09 4.57671e+09 3.05784e+09 4.69145e+09 2.85707e+09 4.46336e+09 4.73144e+09 4.50153e+09 4.31875e+09 3.83833e+09 3.8723e+09 4.50956e+09 5.22767e+09 4.4503e+09 5.22767e+09 3.12444e+09 4.46336e+09 2.85707e+09 4.18833e+09 4.73144e+09 4.73144e+09 4.50153e+09
option: cbad 1.0168e+11 3.83833e+09 4.50153e+09 4.73144e+09 4.50153e+09 4.18833e+09 4.69145e+09 4.73144e+09 3.8723e+09 4.73144e+09 4.50153e+09 4.18833e+09 4.69145e+09 4.73144e+09 3.8723e+09 3.90162e+09 3.8723e+09 4.18833e+09 4.69145e+09 3.63743e+09 2.85707e+09 4.66252e+09 2.85707e+09 4.66252e+09 4.57671e+09
option: cbda 1.02339e+11 3.83833e+09 4.50153e+09 4.73144e+09 4.50153e+09 4.31875e+09 3.83833e+09 4.73144e+09 4.4503e+09 4.66252e+09 4.57671e+09 3.05784e+09 4.69145e+09 4.73144e+09 4.4503e+09 3.05784e+09 4.50956e+09 3.05784e+09 4.69145e+09 4.4503e+09 4.73144e+09 4.66252e+09 2.85707e+09 4.66252e+09 4.57671e+09 should pick!
option: cdab 1.02057e+11 4.69145e+09 4.08532e+09 4.66252e+09 4.57671e+09 4.66252e+09 3.83833e+09 2.85707e+09 3.63743e+09 4.66252e+09 4.57671e+09 4.66252e+09 3.83833e+09 3.8723e+09 4.73144e+09 4.18833e+09 4.73144e+09 3.90162e+09 3.12444e+09 3.8723e+09 4.73144e+09 4.18833e+09 4.73144e+09 4.73144e+09 4.50153e+09
option: cdba 1.03577e+11 3.83833e+09 4.58988e+09 4.66252e+09 4.57671e+09 4.66252e+09 3.83833e+09 4.73144e+09 4.4503e+09 4.66252e+09 4.57671e+09 4.66252e+09 3.83833e+09 4.4503e+09 4.73144e+09 3.05784e+09 4.73144e+09 3.05784e+09 4.24757e+09 4.4503e+09 4.73144e+09 3.05784e+09 4.73144e+09 4.66252e+09 4.57671e+09
option: dabc 1.01886e+11 3.12444e+09 4.69145e+09 4.18833e+09 4.69145e+09 4.73144e+09 4.50153e+09 4.46336e+09 2.85707e+09 4.18833e+09 4.69145e+09 4.73144e+09 4.50153e+09 4.46336e+09 2.85707e+09 4.31875e+09 2.85707e+09 4.73144e+09 4.50153e+09 4.50956e+09 3.8723e+09 5.22767e+09 3.8723e+09 5.22767e+09 4.08532e+09
option: dacb 1.02361e+11 4.08532e+09 4.69145e+09 3.05784e+09 4.69145e+09 4.66252e+09 4.57671e+09 4.46336e+09 2.85707e+09 4.31875e+09 3.83833e+09 4.73144e+09 4.50153e+09 4.46336e+09 2.85707e+09 4.18833e+09 4.73144e+09 4.73144e+09 4.50153e+09 3.8723e+09 4.50956e+09 5.22767e+09 4.4503e+09 5.22767e+09 3.12444e+09
option: dbac 1.0168e+11 4.50153e+09 3.83833e+09 4.18833e+09 4.69145e+09 4.73144e+09 4.50153e+09 3.8723e+09 4.73144e+09 4.18833e+09 4.69145e+09 4.73144e+09 4.50153e+09 3.63743e+09 2.85707e+09 4.66252e+09 2.85707e+09 4.66252e+09 4.57671e+09 4.73144e+09 3.8723e+09 3.90162e+09 3.8723e+09 4.18833e+09 4.69145e+09
option: dbca 1.02339e+11 4.50153e+09 3.83833e+09 4.31875e+09 3.83833e+09 4.73144e+09 4.50153e+09 4.4503e+09 4.73144e+09 3.05784e+09 4.69145e+09 4.66252e+09 4.57671e+09 4.4503e+09 4.73144e+09 4.66252e+09 2.85707e+09 4.66252e+09 4.57671e+09 4.73144e+09 4.4503e+09 3.05784e+09 4.50956e+09 3.05784e+09 4.69145e+09
option: dcab 1.02057e+11 4.08532e+09 4.69145e+09 4.66252e+09 3.83833e+09 4.66252e+09 4.57671e+09 3.63743e+09 2.85707e+09 4.66252e+09 3.83833e+09 4.66252e+09 4.57671e+09 3.8723e+09 4.73144e+09 4.18833e+09 4.73144e+09 4.73144e+09 4.50153e+09 3.8723e+09 4.73144e+09 4.18833e+09 4.73144e+09 3.90162e+09 3.12444e+09
option: dcba 1.03577e+11 4.58988e+09 3.83833e+09 4.66252e+09 3.83833e+09 4.66252e+09 4.57671e+09 4.4503e+09 4.73144e+09 4.66252e+09 3.83833e+09 4.66252e+09 4.57671e+09 4.4503e+09 4.73144e+09 3.05784e+09 4.73144e+09 4.66252e+09 4.57671e+09 4.4503e+09 4.73144e+09 3.05784e+09 4.73144e+09 3.05784e+09 4.24757e+09
depth 3
adbc
662 642 644 642 662 662 644 641 644 642 594 622 644 641 594 614 594 622 641 644 644 684 644 642 
41 41 41 40 41 40 40 40 40 40 41 41 
option: abcd 4.52714e+09 1.88141e+08 1.14818e+08 1.71418e+08 1.14818e+08 2.11686e+08 2.11686e+08 1.67164e+08 1.69046e+08 2.37838e+08 2.11041e+08 1.64153e+08 2.21196e+08 1.67164e+08 1.69046e+08 2.36238e+08 2.21196e+08 1.64153e+08 2.21196e+08 2.34155e+08 2.46166e+08 1.84549e+08 1.42064e+08 1.84549e+08 1.73657e+08
option: abdc 5.02939e+09 2.37838e+08 1.88896e+08 1.71418e+08 1.75326e+08 2.11686e+08 2.37838e+08 2.46166e+08 2.34155e+08 2.37838e+08 2.35965e+08 1.64153e+08 1.56492e+08 1.67164e+08 1.69046e+08 2.36238e+08 2.21196e+08 2.36238e+08 2.20997e+08 2.34155e+08 2.46166e+08 1.84549e+08 1.42064e+08 2.37838e+08 2.35965e+08
option: acbd 4.06564e+09 1.22816e+08 1.14818e+08 2.21129e+08 1.14818e+08 1.79139e+08 1.22816e+08 1.67164e+08 1.69046e+08 1.84549e+08 2.4583e+08 1.64153e+08 2.21196e+08 1.67164e+08 1.69046e+08 1.64153e+08 1.28035e+08 1.64153e+08 2.21196e+08 1.69046e+08 1.67164e+08 1.84549e+08 7.32817e+07 1.84549e+08 2.4583e+08
option: acdb 4.5604e+09 1.22816e+08 1.75326e+08 2.38634e+08 1.88896e+08 1.51921e+08 1.22816e+08 1.67164e+08 1.69046e+08 1.84549e+08 2.4583e+08 2.36238e+08 2.20997e+08 2.46166e+08 2.34155e+08 1.64153e+08 2.05502e+08 1.64153e+08 1.56492e+08 1.69046e+08 1.67164e+08 2.37838e+08 1.61121e+08 1.84549e+08 2.4583e+08
option: adbc 5.7128e+09 2.37838e+08 2.35965e+08 2.37838e+08 2.35965e+08 2.36238e+08 2.37838e+08 2.46166e+08 2.34155e+08 2.37838e+08 2.35965e+08 2.36238e+08 2.37838e+08 2.46166e+08 2.34155e+08 2.36238e+08 2.34155e+08 2.36238e+08 2.37838e+08 2.34155e+08 2.46166e+08 2.37838e+08 2.46166e+08 2.37838e+08 2.35965e+08 should pick!
option: adcb 5.08301e+09 2.11686e+08 2.35965e+08 2.38634e+08 2.35965e+08 1.51921e+08 1.88141e+08 2.46166e+08 2.34155e+08 1.84549e+08 1.73657e+08 2.36238e+08 2.37838e+08 2.46166e+08 2.34155e+08 1.64153e+08 2.05502e+08 2.36238e+08 2.37838e+08 1.69046e+08 1.67164e+08 2.37838e+08 1.61121e+08 2.37838e+08 2.11041e+08
option: bacd 4.18244e+09 1.1528e+08 1.87587e+08 1.71418e+08 1.14818e+08 2.11686e+08 2.11686e+08 2.21129e+08 1.12396e+08 2.37838e+08 2.11041e+08 1.64153e+08 2.21196e+08 1.02312e+08 1.69046e+08 1.55976e+08 2.21196e+08 8.64893e+07 1.99137e+08 1.9267e+08 2.46166e+08 2.05453e+08 1.42064e+08 1.78189e+08 1.03518e+08
option: badc 4.49232e+09 2.06513e+08 2.09156e+08 1.71418e+08 1.75326e+08 2.11686e+08 2.37838e+08 2.38634e+08 1.72248e+08 2.37838e+08 2.35965e+08 1.64153e+08 1.56492e+08 1.02312e+08 1.69046e+08 1.55976e+08 2.21196e+08 1.49771e+08 1.41343e+08 1.9267e+08 2.46166e+08 2.05453e+08 1.42064e+08 1.79353e+08 1.69701e+08
option: bcad 3.92143e+09 1.1528e+08 1.87587e+08 1.02312e+08 1.87587e+08 2.11686e+08 2.11686e+08 1.71418e+08 1.12396e+08 2.44481e+08 2.11041e+08 8.64893e+07 1.99137e+08 1.71418e+08 1.12396e+08 1.55976e+08 2.21196e+08 8.64893e+07 1.99137e+08 1.9267e+08 1.84549e+08 1.91417e+08 7.0148e+07 1.91417e+08 1.03518e+08
option: bcda 3.6293e+09 1.1528e+08 1.87587e+08 1.02312e+08 1.87587e+08 1.29315e+08 1.29315e+08 1.71418e+08 1.79276e+08 1.28503e+08 1.81329e+08 2.97717e+07 1.99137e+08 1.71418e+08 1.79276e+08 9.82936e+07 1.99371e+08 2.97717e+07 1.99137e+08 2.16863e+08 2.37838e+08 1.91417e+08 7.0148e+07 1.91417e+08 1.03518e+08
option: bdac 4.11438e+09 2.06513e+08 2.09156e+08 1.71418e+08 1.75326e+08 1.29315e+08 2.06513e+08 2.38634e+08 2.16863e+08 1.79353e+08 1.69701e+08 7.04086e+07 1.56492e+08 1.02312e+08 1.93008e+08 9.82936e+07 1.99371e+08 9.82936e+07 1.41343e+08 2.16863e+08 2.38634e+08 2.05453e+08 1.42064e+08 1.79353e+08 1.69701e+08
option: bdca 3.87902e+09 2.06513e+08 2.09156e+08 1.02312e+08 1.76004e+08 1.29315e+08 2.06513e+08 2.37838e+08 2.16863e+08 1.28503e+08 1.69701e+08 2.97717e+07 1.64064e+08 1.71418e+08 1.79276e+08 9.82936e+07 1.99371e+08 9.82936e+07 1.41343e+08 2.16863e+08 2.37838e+08 1.91417e+08 7.0148e+07 1.28503e+08 1.69701e+08
option: cabd 3.84422e+09 1.22816e+08 1.14818e+08 1.67164e+08 1.87587e+08 1.79139e+08 1.22816e+08 1.02312e+08 1.69046e+08 2.05453e+08 2.4583e+08 8.64893e+07 1.99137e+08 2.21129e+08 1.12396e+08 1.64153e+08 1.28035e+08 1.64153e+08 2.21196e+08 1.69046e+08 1.02312e+08 1.78189e+08 2.97184e+07 2.05453e+08 2.4583e+08
option: cadb 4.1221e+09 1.22816e+08 1.75326e+08 2.46166e+08 2.09156e+08 1.51921e+08 1.22816e+08 1.02312e+08 1.69046e+08 2.05453e+08 2.4583e+08 1.49771e+08 1.41343e+08 2.38634e+08 1.72248e+08 1.64153e+08 2.05502e+08 1.64153e+08 1.56492e+08 1.69046e+08 1.02312e+08 1.79353e+08 7.69677e+07 2.05453e+08 2.4583e+08
option: cbad 3.56488e+09 5.99402e+07 1.87587e+08 1.67164e+08 1.87587e+08 1.79139e+08 1.22816e+08 1.71418e+08 1.12396e+08 2.05453e+08 2.4583e+08 8.64893e+07 1.99137e+08 1.71418e+08 1.12396e+08 7.04086e+07 1.28035e+08 8.64893e+07 1.99137e+08 1.93008e+08 1.02312e+08 1.91417e+08 2.97184e+07 1.91417e+08 1.64165e+08
option: cbda 3.41527e+09 5.99402e+07 1.87587e+08 1.67164e+08 1.87587e+08 1.49326e+08 5.99402e+07 1.71418e+08 1.79276e+08 1.91417e+08 1.64165e+08 2.97717e+07 1.99137e+08 1.71418e+08 1.79276e+08 2.97717e+07 1.31752e+08 2.97717e+07 1.99137e+08 1.79276e+08 1.71418e+08 1.91417e+08 2.97184e+07 1.91417e+08 1.64165e+08
option: cdab 3.83695e+09 1.22816e+08 1.75326e+08 2.46166e+08 2.09156e+08 1.78708e+08 5.99402e+07 1.02312e+08 1.93008e+08 1.91417e+08 1.64165e+08 9.82936e+07 1.41343e+08 2.38634e+08 2.16863e+08 8.64893e+07 1.93996e+08 7.04086e+07 1.56492e+08 1.12396e+08 1.71418e+08 1.79353e+08 7.69677e+07 2.05453e+08 2.4583e+08
option: cdba 3.65988e+09 5.99402e+07 1.76004e+08 2.46166e+08 2.09156e+08 1.78708e+08 5.99402e+07 1.71418e+08 1.79276e+08 1.91417e+08 1.64165e+08 9.82936e+07 1.41343e+08 2.37838e+08 2.16863e+08 2.97717e+07 1.93996e+08 2.97717e+07 1.64064e+08 1.79276e+08 1.71418e+08 1.28503e+08 7.69677e+07 1.91417e+08 1.64165e+08
option: dabc 5.04329e+09 2.37838e+08 2.35965e+08 2.37838e+08 2.35965e+08 2.00029e+08 2.06513e+08 2.46166e+08 1.9267e+08 1.79353e+08 1.69701e+08 1.55976e+08 2.37838e+08 2.46166e+08 1.9267e+08 1.49771e+08 1.56324e+08 1.55976e+08 2.37838e+08 1.72248e+08 2.38634e+08 2.37838e+08 2.46166e+08 2.37838e+08 2.35965e+08
option: dacb 4.62509e+09 2.11686e+08 2.35965e+08 2.38634e+08 2.35965e+08 1.78708e+08 1.1528e+08 2.46166e+08 1.9267e+08 1.78189e+08 1.03518e+08 1.55976e+08 2.37838e+08 2.46166e+08 1.9267e+08 8.64893e+07 1.93996e+08 1.55976e+08 2.37838e+08 1.12396e+08 2.21129e+08 2.37838e+08 1.61121e+08 2.37838e+08 2.11041e+08
option: dbac 4.67235e+09 2.06513e+08 1.73657e+08 2.37838e+08 2.35965e+08 2.00029e+08 2.06513e+08 2.38634e+08 2.16863e+08 1.79353e+08 1.69701e+08 1.55976e+08 2.37838e+08 1.84549e+08 1.9267e+08 9.82936e+07 1.56324e+08 9.82936e+07 1.88141e+08 2.16863e+08 2.38634e+08 2.44481e+08 2.46166e+08 1.79353e+08 1.69701e+08
option: dbca 4.22858e+09 2.06513e+08 1.73657e+08 1.84549e+08 1.73657e+08 2.00029e+08 2.06513e+08 2.37838e+08 2.16863e+08 1.28503e+08 1.69701e+08 9.82936e+07 1.88141e+08 2.37838e+08 2.16863e+08 9.82936e+07 1.56324e+08 9.82936e+07 1.88141e+08 2.16863e+08 2.37838e+08 1.28503e+08 1.67164e+08 1.28503e+08 1.69701e+08
option: dcab 4.2455e+09 2.11686e+08 2.35965e+08 2.46166e+08 1.73657e+08 1.78708e+08 1.1528e+08 1.84549e+08 1.9267e+08 1.91417e+08 1.03518e+08 9.82936e+07 1.88141e+08 2.38634e+08 2.16863e+08 8.64893e+07 1.93996e+08 1.55976e+08 2.37838e+08 1.12396e+08 1.71418e+08 1.79353e+08 7.69677e+07 2.44481e+08 2.11041e+08
option: dcba 3.88375e+09 1.29315e+08 1.73657e+08 2.46166e+08 1.73657e+08 1.78708e+08 1.1528e+08 2.37838e+08 2.16863e+08 1.91417e+08 1.03518e+08 9.82936e+07 1.88141e+08 2.37838e+08 2.16863e+08 2.97717e+07 1.93996e+08 9.82936e+07 1.88141e+08 1.79276e+08 1.71418e+08 1.28503e+08 7.69677e+07 1.28503e+08 1.81329e+08
depth 4
dbac
502 514 516 514 498 502 524 518 516 514 498 502 524 518 498 518 498 502 518 524 516 524 516 514 
32 32 32 32 32 32 32 32 32 32 32 32 
option: abcd 2.43483e+08 9.1426e+06 8.73268e+06 1.04735e+07 8.73268e+06 1.09488e+07 9.03684e+06 1.04735e+07 1.19039e+07 1.04735e+07 8.73268e+06 1.09488e+07 9.03684e+06 1.04735e+07 1.19039e+07 1.15015e+07 1.19039e+07 1.09488e+07 9.03684e+06 1.1425e+07 1.08393e+07 8.05463e+06 1.08393e+07 8.05463e+06 9.86573e+06
option: abdc 2.46037e+08 5.36572e+06 1.05327e+07 1.04735e+07 1.14541e+07 1.09488e+07 5.36572e+06 1.08393e+07 1.1425e+07 1.04735e+07 1.14541e+07 1.09488e+07 5.36572e+06 1.04735e+07 1.19039e+07 1.15015e+07 1.19039e+07 1.15015e+07 1.10196e+07 1.1425e+07 1.08393e+07 8.05463e+06 1.08393e+07 1.04735e+07 1.14541e+07
option: acbd 2.42769e+08 1.21868e+07 8.73268e+06 1.26556e+07 8.73268e+06 9.5507e+06 1.21868e+07 1.04735e+07 1.19039e+07 8.05463e+06 1.00226e+07 1.09488e+07 9.03684e+06 1.04735e+07 1.19039e+07 1.09488e+07 7.46665e+06 1.09488e+07 9.03684e+06 1.19039e+07 1.04735e+07 8.05463e+06 8.99601e+06 8.05463e+06 1.00226e+07
option: acdb 2.43347e+08 1.21868e+07 1.14541e+07 8.55085e+06 1.05327e+07 4.93702e+06 1.21868e+07 1.04735e+07 1.19039e+07 8.05463e+06 1.00226e+07 1.15015e+07 1.10196e+07 1.08393e+07 1.1425e+07 1.09488e+07 9.71276e+06 1.09488e+07 5.36572e+06 1.19039e+07 1.04735e+07 1.04735e+07 1.03541e+07 8.05463e+06 1.00226e+07
option: adbc 2.44545e+08 5.36572e+06 1.10398e+07 9.66328e+06 1.10398e+07 7.74932e+06 5.36572e+06 1.08393e+07 1.1425e+07 1.04735e+07 1.14541e+07 1.15015e+07 1.01299e+07 1.08393e+07 1.1425e+07 1.15015e+07 7.83939e+06 1.15015e+07 1.01299e+07 1.1425e+07 1.08393e+07 1.04735e+07 1.05962e+07 1.04735e+07 1.14541e+07
option: adcb 2.42532e+08 9.03684e+06 1.10398e+07 8.55085e+06 1.10398e+07 4.93702e+06 9.1426e+06 1.08393e+07 1.1425e+07 8.05463e+06 9.86573e+06 1.15015e+07 1.01299e+07 1.08393e+07 1.1425e+07 1.09488e+07 9.71276e+06 1.15015e+07 1.01299e+07 1.19039e+07 1.04735e+07 1.04735e+07 1.03541e+07 1.04735e+07 8.73268e+06
option: bacd 2.42574e+08 1.20286e+07 1.00226e+07 1.04735e+07 8.73268e+06 1.09488e+07 9.03684e+06 1.33522e+07 7.46665e+06 1.04735e+07 8.73268e+06 1.09488e+07 9.03684e+06 6.24688e+06 1.19039e+07 1.22013e+07 1.19039e+07 9.5507e+06 1.21868e+07 7.44579e+06 1.08393e+07 1.21142e+07 1.08393e+07 9.3514e+06 6.73657e+06
option: badc 2.39195e+08 1.01299e+07 9.82792e+06 1.04735e+07 1.14541e+07 1.09488e+07 5.36572e+06 1.05962e+07 9.42532e+06 1.04735e+07 1.14541e+07 1.09488e+07 5.36572e+06 6.24688e+06 1.19039e+07 1.22013e+07 1.19039e+07 9.60048e+06 8.93289e+06 7.44579e+06 1.08393e+07 1.21142e+07 1.08393e+07 9.66328e+06 1.10398e+07
option: bcad 2.39637e+08 1.20286e+07 1.00226e+07 8.05463e+06 1.00226e+07 1.09488e+07 9.03684e+06 1.13219e+07 7.46665e+06 1.26556e+07 8.73268e+06 9.5507e+06 1.21868e+07 1.13219e+07 7.46665e+06 1.22013e+07 1.19039e+07 9.5507e+06 1.21868e+07 7.44579e+06 8.99601e+06 9.66281e+06 1.04735e+07 9.66281e+06 6.73657e+06
option: bcda 2.36124e+08 1.20286e+07 1.00226e+07 8.05463e+06 1.00226e+07 1.15015e+07 1.10196e+07 1.13219e+07 9.71276e+06 8.55085e+06 1.05327e+07 4.93702e+06 1.21868e+07 1.13219e+07 9.71276e+06 9.91455e+06 1.1425e+07 4.93702e+06 1.21868e+07 9.84412e+06 1.03541e+07 9.66281e+06 1.04735e+07 9.66281e+06 6.73657e+06
option: bdac 2.36146e+08 1.01299e+07 9.82792e+06 1.04735e+07 1.14541e+07 1.15015e+07 1.01299e+07 1.05962e+07 9.84412e+06 9.66328e+06 1.10398e+07 7.74932e+06 5.36572e+06 6.24688e+06 7.83939e+06 9.91455e+06 1.1425e+07 9.91455e+06 8.93289e+06 9.84412e+06 1.05962e+07 1.21142e+07 1.08393e+07 9.66328e+06 1.10398e+07
option: bdca 2.34525e+08 1.01299e+07 9.82792e+06 8.05463e+06 9.86573e+06 1.15015e+07 1.01299e+07 1.03541e+07 9.84412e+06 8.55085e+06 1.10398e+07 4.93702e+06 9.1426e+06 1.13219e+07 9.71276e+06 9.91455e+06 1.1425e+07 9.91455e+06 8.93289e+06 9.84412e+06 1.03541e+07 9.66281e+06 1.04735e+07 8.55085e+06 1.10398e+07
option: cabd 2.41925e+08 1.21868e+07 8.73268e+06 1.21142e+07 1.00226e+07 9.5507e+06 1.21868e+07 6.24688e+06 1.19039e+07 1.21142e+07 1.00226e+07 9.5507e+06 1.21868e+07 1.33522e+07 7.46665e+06 1.09488e+07 7.46665e+06 1.09488e+07 9.03684e+06 1.19039e+07 6.24688e+06 9.3514e+06 6.24688e+06 1.21142e+07 1.00226e+07
option: cadb 2.37347e+08 1.21868e+07 1.14541e+07 9.66281e+06 9.82792e+06 4.93702e+06 1.21868e+07 6.24688e+06 1.19039e+07 1.21142e+07 1.00226e+07 9.60048e+06 8.93289e+06 1.05962e+07 9.42532e+06 1.09488e+07 9.71276e+06 1.09488e+07 5.36572e+06 1.19039e+07 6.24688e+06 9.66328e+06 1.13219e+07 1.21142e+07 1.00226e+07
option: cbad 2.30722e+08 8.93289e+06 1.00226e+07 1.21142e+07 1.00226e+07 9.5507e+06 1.21868e+07 1.13219e+07 7.46665e+06 1.21142e+07 1.00226e+07 9.5507e+06 1.21868e+07 1.13219e+07 7.46665e+06 7.74932e+06 7.46665e+06 9.5507e+06 1.21868e+07 7.83939e+06 6.24688e+06 9.66281e+06 6.24688e+06 9.66281e+06 9.82792e+06
option: cbda 2.26231e+08 8.93289e+06 1.00226e+07 1.21142e+07 1.00226e+07 9.60048e+06 8.93289e+06 1.13219e+07 9.71276e+06 9.66281e+06 9.82792e+06 4.93702e+06 1.21868e+07 1.13219e+07 9.71276e+06 4.93702e+06 9.42532e+06 4.93702e+06 1.21868e+07 9.71276e+06 1.13219e+07 9.66281e+06 6.24688e+06 9.66281e+06 9.82792e+06
option: cdab 2.29264e+08 1.21868e+07 1.14541e+07 9.66281e+06 9.82792e+06 9.91455e+06 8.93289e+06 6.24688e+06 7.83939e+06 9.66281e+06 9.82792e+06 9.91455e+06 8.93289e+06 1.05962e+07 9.84412e+06 9.5507e+06 9.84412e+06 7.74932e+06 5.36572e+06 7.46665e+06 1.13219e+07 9.66328e+06 1.13219e+07 1.21142e+07 1.00226e+07
option: cdba 2.25967e+08 8.93289e+06 9.86573e+06 9.66281e+06 9.82792e+06 9.91455e+06 8.93289e+06 1.13219e+07 9.71276e+06 9.66281e+06 9.82792e+06 9.91455e+06 8.93289e+06 1.03541e+07 9.84412e+06 4.93702e+06 9.84412e+06 4.93702e+06 9.1426e+06 9.71276e+06 1.13219e+07 8.55085e+06 1.13219e+07 9.66281e+06 9.82792e+06
option: dabc 2.41441e+08 5.36572e+06 1.10398e+07 9.66328e+06 1.10398e+07 1.22013e+07 1.01299e+07 1.08393e+07 7.44579e+06 9.66328e+06 1.10398e+07 1.22013e+07 1.01299e+07 1.08393e+07 7.44579e+06 9.60048e+06 7.44579e+06 1.22013e+07 1.01299e+07 9.42532e+06 1.05962e+07 1.04735e+07 1.05962e+07 1.04735e+07 1.14541e+07
option: dacb 2.39179e+08 9.03684e+06 1.10398e+07 8.55085e+06 1.10398e+07 9.91455e+06 1.20286e+07 1.08393e+07 7.44579e+06 9.3514e+06 6.73657e+06 1.22013e+07 1.01299e+07 1.08393e+07 7.44579e+06 9.5507e+06 9.84412e+06 1.22013e+07 1.01299e+07 7.46665e+06 1.33522e+07 1.04735e+07 1.03541e+07 1.04735e+07 8.73268e+06
option: dbac 2.43516e+08 1.01299e+07 6.73657e+06 9.66328e+06 1.10398e+07 1.22013e+07 1.01299e+07 1.05962e+07 9.84412e+06 9.66328e+06 1.10398e+07 1.22013e+07 1.01299e+07 8.99601e+06 7.44579e+06 9.91455e+06 7.44579e+06 9.91455e+06 1.20286e+07 9.84412e+06 1.05962e+07 1.26556e+07 1.05962e+07 9.66328e+06 1.10398e+07 should pick!
option: dbca 2.38211e+08 1.01299e+07 6.73657e+06 9.3514e+06 6.73657e+06 1.22013e+07 1.01299e+07 1.03541e+07 9.84412e+06 8.55085e+06 1.10398e+07 9.91455e+06 1.20286e+07 1.03541e+07 9.84412e+06 9.91455e+06 7.44579e+06 9.91455e+06 1.20286e+07 9.84412e+06 1.03541e+07 8.55085e+06 1.33522e+07 8.55085e+06 1.10398e+07
option: dcab 2.36532e+08 9.03684e+06 1.10398e+07 9.66281e+06 6.73657e+06 9.91455e+06 1.20286e+07 8.99601e+06 7.44579e+06 9.66281e+06 6.73657e+06 9.91455e+06 1.20286e+07 1.05962e+07 9.84412e+06 9.5507e+06 9.84412e+06 1.22013e+07 1.01299e+07 7.46665e+06 1.13219e+07 9.66328e+06 1.13219e+07 1.26556e+07 8.73268e+06
option: dcba 2.31553e+08 1.10196e+07 6.73657e+06 9.66281e+06 6.73657e+06 9.91455e+06 1.20286e+07 1.03541e+07 9.84412e+06 9.66281e+06 6.73657e+06 9.91455e+06 1.20286e+07 1.03541e+07 9.84412e+06 4.93702e+06 9.84412e+06 9.91455e+06 1.20286e+07 9.71276e+06 1.13219e+07 8.55085e+06 1.13219e+07 8.55085e+06 1.05327e+07
depth 5
cabd
374 418 391 394 370 374 364 398 391 394 370 374 424 422 370 422 370 374 398 364 356 364 391 394 
25 24 25 24 24 25 25 25 25 24 24 24 
option: abcd 1.20897e+07 541532 702532 493911 522046 551542 411873 391854 575376 493911 522046 551542 411873 474066 539051 642302 539051 670258 563099 505830 292719 518919 292719 370644 511008
option: abdc 1.12261e+07 146601 362734 493911 599713 551542 146601 292719 505830 493911 599713 551542 146601 474066 539051 642302 539051 642302 794119 505830 292719 518919 292719 493911 599713
option: acbd 1.27316e+07 563099 702532 264897 522046 670258 563099 391854 575376 370644 702532 551542 411873 474066 539051 670258 575376 670258 563099 575376 391854 518919 390372 370644 702532
option: acdb 1.08787e+07 563099 338227 207338 725245 257268 563099 391854 575376 370644 702532 279789 382314 412667 241323 670258 326708 670258 284618 575376 391854 589603 286053 370644 702532
option: adbc 9.17443e+06 146601 84766 391736 271162 393371 146601 292719 505830 493911 599713 279789 242463 412667 241323 642302 183939 642302 618139 505830 292719 589603 103320 493911 599713
option: adcb 9.74663e+06 411873 84766 207338 271162 257268 541532 292719 505830 370644 511008 279789 242463 412667 241323 670258 326708 642302 618139 575376 391854 589603 286053 493911 522046
option: bacd 9.72641e+06 373503 316017 493911 522046 551542 411873 220813 618139 493911 522046 551542 411873 184066 539051 396498 539051 300453 487166 131589 292719 483919 292719 431418 160542
option: badc 9.05792e+06 242463 318054 493911 599713 551542 146601 103320 589603 493911 599713 551542 146601 184066 539051 396498 539051 411803 286629 131589 292719 483919 292719 391736 271162
option: bcad 1.0843e+07 373503 316017 370644 702532 551542 411873 814021 618139 264897 522046 670258 563099 307748 575376 396498 539051 300453 487166 131589 390372 603986 391854 379791 160542
option: bcda 9.17032e+06 373503 316017 370644 702532 279789 382314 814021 427487 207338 725245 257268 563099 307748 326708 272556 241323 99279 487166 194055 286053 603986 391854 379791 160542
option: bdac 6.85462e+06 242463 318054 493911 599713 279789 242463 103320 194055 391736 271162 393371 146601 184066 183939 272556 241323 272556 286629 194055 103320 483919 292719 391736 271162
option: bdca 7.3838e+06 242463 318054 370644 511008 279789 242463 286053 194055 207338 271162 257268 541532 307748 326708 272556 241323 272556 286629 194055 286053 603986 391854 207338 271162
option: cabd 1.51076e+07 563099 702532 563099 702532 670258 563099 702532 575376 563099 702532 670258 563099 702532 575376 670258 575376 670258 563099 575376 702532 563099 702532 563099 702532 should pick!
option: cadb 1.33565e+07 563099 338227 379791 362734 257268 563099 702532 575376 563099 702532 642302 794119 452178 505830 670258 326708 670258 284618 575376 702532 644867 814021 563099 702532
option: cbad 1.33693e+07 794119 316017 563099 702532 670258 563099 814021 618139 563099 702532 670258 563099 307748 575376 473079 575376 300453 487166 358228 702532 603986 702532 379791 362734
option: cbda 1.17331e+07 794119 316017 563099 702532 642302 794119 814021 427487 379791 362734 257268 563099 307748 326708 99279 505830 99279 487166 427487 814021 603986 702532 379791 362734
option: cdab 1.19435e+07 563099 338227 379791 362734 522046 794119 702532 358228 379791 362734 522046 794119 452178 98523 300453 98523 473079 284618 618139 814021 644867 814021 563099 702532
option: cdba 1.07084e+07 794119 162454 379791 362734 522046 794119 814021 427487 379791 362734 522046 794119 370161 98523 99279 98523 99279 536072 427487 814021 293025 814021 379791 362734
option: dabc 8.32742e+06 146601 84766 391736 271162 725245 242463 292719 131589 391736 271162 725245 242463 412667 45978 411803 45978 396498 618139 589603 103320 589603 103320 493911 599713
option: dacb 8.45749e+06 411873 84766 207338 271162 522046 373503 292719 131589 431418 160542 725245 242463 412667 45978 300453 98523 396498 618139 618139 220813 589603 286053 493911 522046
option: dbac 6.68738e+06 242463 43677 391736 271162 725245 242463 103320 194055 391736 271162 725245 242463 249992 45978 272556 45978 272556 589603 194055 103320 302396 103320 391736 271162
option: dbca 6.82179e+06 242463 43677 431418 160542 725245 242463 286053 194055 207338 271162 522046 373503 370161 98523 272556 45978 272556 589603 194055 286053 293025 220813 207338 271162
option: dcab 9.53267e+06 411873 84766 379791 160542 522046 373503 390372 131589 379791 160542 522046 373503 452178 98523 300453 98523 396498 618139 618139 814021 644867 814021 264897 522046
option: dcba 8.58764e+06 382314 43677 379791 160542 522046 373503 286053 194055 379791 160542 522046 373503 370161 98523 99279 98523 272556 589603 427487 814021 293025 814021 207338 725245
depth 6
dbac
266 274 266 274 262 266 274 278 266 274 262 266 274 278 262 278 262 266 278 274 266 274 266 274 
18 18 18 18 18 18 18 18 18 18 18 18 
option: abcd 699451 42758 46087 13734 46087 35238 28587 34940 20012 13734 46087 35238 28587 34940 20012 23388 20012 35238 28587 31439 20492 19456 20492 19456 34850
option: abdc 662491 31045 60868 13734 36081 35238 31045 20492 31439 13734 36081 35238 31045 34940 20012 23388 20012 23388 23017 31439 20492 19456 20492 13734 36081
option: acbd 662058 13734 46087 42758 46087 19980 13734 34940 20012 19456 20492 35238 28587 34940 20012 35238 17732 35238 28587 20012 34940 19456 34850 19456 20492
option: acdb 655768 13734 36081 31045 60868 28800 13734 34940 20012 19456 20492 23388 23017 20492 31439 35238 32034 35238 31045 20012 34940 13734 36081 19456 20492
option: adbc 619852 31045 23388 28587 23388 30506 31045 20492 31439 13734 36081 23388 21379 20492 31439 23388 23727 23388 21379 31439 20492 13734 46087 13734 36081
option: adcb 657528 28587 23388 31045 23388 28800 42758 20492 31439 19456 34850 23388 21379 20492 31439 35238 32034 23388 21379 20012 34940 13734 36081 13734 46087
option: bacd 599284 28165 20492 13734 46087 35238 28587 60868 17732 13734 46087 35238 28587 12030 20012 18800 20012 19980 13734 15971 20492 28165 20492 23017 12030
option: badc 666716 21379 34940 13734 36081 35238 31045 46087 62781 13734 36081 35238 31045 12030 20012 18800 20012 41928 19456 15971 20492 28165 20492 28587 23388
option: bcad 570304 28165 20492 19456 20492 35238 28587 23388 17732 42758 46087 19980 13734 23388 17732 18800 20012 19980 13734 15971 34850 21379 34940 21379 12030
option: bcda 629285 28165 20492 19456 20492 23388 23017 23388 32034 31045 60868 28800 13734 23388 32034 29746 31439 28800 13734 19456 36081 21379 34940 21379 12030
option: bdac 642289 21379 34940 13734 36081 23388 21379 46087 19456 28587 23388 30506 31045 12030 23727 29746 31439 29746 19456 19456 46087 28165 20492 28587 23388
option: bdca 669018 21379 34940 19456 34850 23388 21379 36081 19456 31045 23388 28800 42758 23388 32034 29746 31439 29746 19456 19456 36081 21379 34940 31045 23388
option: cabd 567746 13734 46087 28165 20492 19980 13734 12030 20012 28165 20492 19980 13734 60868 17732 35238 17732 35238 28587 20012 12030 23017 12030 28165 20492
option: cadb 665848 13734 36081 21379 34940 28800 13734 12030 20012 28165 20492 41928 19456 46087 62781 35238 32034 35238 31045 20012 12030 28587 23388 28165 20492
option: cbad 494367 19456 20492 28165 20492 19980 13734 23388 17732 28165 20492 19980 13734 23388 17732 30506 17732 19980 13734 23727 12030 21379 12030 21379 34940
option: cbda 638951 19456 20492 28165 20492 41928 19456 23388 32034 21379 34940 28800 13734 23388 32034 28800 62781 28800 13734 32034 23388 21379 12030 21379 34940
option: cdab 604896 13734 36081 21379 34940 29746 19456 12030 23727 21379 34940 29746 19456 46087 19456 19980 19456 30506 31045 17732 23388 28587 23388 28165 20492
option: cdba 662295 19456 34850 21379 34940 29746 19456 23388 32034 21379 34940 29746 19456 36081 19456 28800 19456 28800 42758 32034 23388 31045 23388 21379 34940
option: dabc 628249 31045 23388 28587 23388 18800 21379 20492 15971 28587 23388 18800 21379 20492 15971 41928 15971 18800 21379 62781 46087 13734 46087 13734 36081
option: dacb 580322 28587 23388 31045 23388 29746 28165 20492 15971 23017 12030 18800 21379 20492 15971 19980 19456 18800 21379 17732 60868 13734 36081 13734 46087
option: dbac 644072 21379 12030 28587 23388 18800 21379 46087 19456 28587 23388 18800 21379 34850 15971 29746 15971 29746 28165 19456 46087 42758 46087 28587 23388 should pick!
option: dbca 637564 21379 12030 23017 12030 18800 21379 36081 19456 31045 23388 29746 28165 36081 19456 29746 15971 29746 28165 19456 36081 31045 60868 31045 23388
option: dcab 612534 28587 23388 21379 12030 29746 28165 34850 15971 21379 12030 29746 28165 46087 19456 19980 19456 18800 21379 17732 23388 28587 23388 42758 46087
option: dcba 636696 23017 12030 21379 12030 29746 28165 36081 19456 21379 12030 29746 28165 36081 19456 28800 19456 29746 28165 32034 23388 31045 23388 31045 60868
depth 7
cabd
158 202 175 190 154 158 148 194 175 190 154 158 196 206 154 206 154 158 194 148 140 148 175 190 
13 12 13 12 12 13 13 13 13 12 12 12 
option: acbd 42389 2040 2152 129 2040 2675 2040 900 2345 984 2152 1104 840 1770 1177 2675 2345 2675 2040 2345 900 39 3886 984 2152
option: acdb 30993 2040 234 360 1964 288 2040 900 2345 984 2152 651 1612 1691 45 2675 578 2675 72 2345 900 706 600 984 2152
option: cabd 74932 2040 2152 4569 2152 2675 2040 4952 2345 4569 2152 2675 2040 4952 2345 2675 2345 2675 2040 2345 4952 4569 4952 4569 2152 should pick!
option: cadb 52707 2040 234 45 526 288 2040 4952 2345 4569 2152 870 1829 2064 756 2675 578 2675 72 2345 4952 3410 4569 4569 2152
option: cbad 52736 1829 443 4569 2152 2675 2040 4569 870 4569 2152 2675 2040 1052 2345 288 2345 810 1124 234 4952 3480 4952 45 526
depth 8
cbad
94 106 84 106 90 94 92 110 84 106 90 94 92 110 90 110 90 94 110 92 84 92 84 106 
8 8 8 8 8 8 8 8 8 8 8 8 
option: cbad 7064 138 230 696 230 288 230 380 268 696 230 288 230 380 268 96 268 288 230 76 228 480 228 480 138 should pick!
option: cbda 6716 138 230 696 230 116 138 380 228 480 138 288 230 380 228 288 76 288 230 228 380 480 228 480 138
depth 9
dabc
62 42 20 42 45 58 56 38 20 42 45 58 56 38 18 38 45 58 70 60 20 60 20 42 
5 5 4 4 5 4 4 4 4 5 5 5 
option: dabc 1744 46 46 96 46 96 46 76 76 96 46 96 46 76 76 96 76 96 46 76 76 96 76 96 46 should pick!
depth 10
abcd
22 22 0 22 0 22 20 20 0 22 0 22 20 20 0 20 0 22 20 20 0 20 0 22 
2 2 2 2 2 2 2 2 2 2 2 2 
option: abcd 218 12 8 12 8 12 3 12 8 12 8 12 3 12 8 12 8 12 3 12 8 12 8 12 1 should pick!
option: abdc 218 8 12 12 3 12 8 8 12 12 3 12 8 12 8 12 8 12 1 12 8 12 8 12 3
depth 11
dcba
0 0 0 0 0 11 0 0 0 0 0 11 0 0 0 0 0 11 0 0 0 0 0 12 
0 0 0 1 0 0 1 1 0 1 1 1 
option: dcba 24 1 1 1 1 1 1 1 1 1 1 1 1 1 1 1 1 1 1 1 1 1 1 1 1 should pick!
